-2.823179364204406738e-01 -2.823179364204406738e-01
2.334975451231002808e-01 1.731155514717102051e-01
4.384678900241851807e-01 -1.770941168069839478e-01
2.703992426395416260e-01 1.737881898880004883e-01
-2.407241612672805786e-01 4.458431620150804520e-03
-4.423839151859283447e-01 -4.331145435571670532e-03
1.681988686323165894e-01 1.856123805046081543e-01
-2.180467396974563599e-01 -2.139652669429779053e-01
-1.313937157392501831e-01 2.096038013696670532e-01
3.455165624618530273e-01 8.682110160589218140e-02
-1.276763081550598145e-01 1.204824596643447876e-01
5.887065827846527100e-02 1.117225214838981628e-01
2.344631254673004150e-01 -1.863571107387542725e-01
3.882222175598144531e-01 2.141844481229782104e-01
-7.417061179876327515e-02 2.046124637126922607e-01
-6.732461601495742798e-02 1.539948303252458572e-02
-1.330859363079071045e-01 2.661718726158142090e-01
6.706459820270538330e-02 3.692331612110137939e-01
6.678699702024459839e-02 9.975916147232055664e-02
7.797403633594512939e-02 -6.606995314359664917e-02
-2.892353385686874390e-02 9.099812805652618408e-02
1.983810514211654663e-01 1.949582695960998535e-01
2.380306273698806763e-02 1.130759716033935547e-01
7.071644999086856842e-03 -2.041860222816467285e-01
2.078000158071517944e-01 1.696660220623016357e-01
6.316099315881729126e-02 -3.405767083168029785e-01
-1.680155843496322632e-01 -6.009852886199951172e-02
-2.834590971469879150e-01 -2.021943330764770508e-01
-1.002174019813537598e-01 -9.485846757888793945e-02
2.780132293701171875e-01 4.329510498791933060e-03
1.217044293880462646e-01 5.519070848822593689e-02
-8.305616676807403564e-02 -4.541397988796234131e-01
3.952451050281524658e-01 -9.410598129034042358e-02
-2.101295590400695801e-01 1.581680327653884888e-01
-1.932557225227355957e-01 4.611092209815979004e-01
-7.404182106256484985e-02 4.145943820476531982e-01
-1.383126676082611084e-01 -1.291505843400955200e-01
-3.735756278038024902e-01 8.060773834586143494e-03
2.954463362693786621e-01 -7.183340936899185181e-02
-3.772560656070709229e-01 9.200917184352874756e-02
-1.696660220623016357e-01 -1.195984110236167908e-01
1.832304298877716064e-01 2.113582044839859009e-01
-2.892624735832214355e-01 -3.131044283509254456e-02
5.007833614945411682e-02 1.763978451490402222e-01
-1.735996901988983154e-01 3.206594884395599365e-01
1.756699979305267334e-01 -4.105891585350036621e-01
3.691540360450744629e-01 -1.921874880790710449e-01
-1.871550530195236206e-01 -1.677801907062530518e-01
-2.661718726158142090e-01 1.330859363079071045e-01
-1.685729324817657471e-01 -1.108978176489472389e-03
6.078837439417839050e-03 -2.212501764297485352e-01
-1.996604949235916138e-01 -7.870022207498550415e-02
-1.935804486274719238e-01 -3.647990524768829346e-01
1.385262757539749146e-01 1.316825449466705322e-01
2.234926521778106689e-01 1.262538880109786987e-01
-8.428760617971420288e-02 -4.444045200943946838e-02
3.044728338718414307e-01 1.313937157392501831e-01
-2.326132543385028839e-02 3.214589357376098633e-01
1.071096137166023254e-01 1.634029448032379150e-01
7.114978972822427750e-03 9.959334880113601685e-02
4.378470778465270996e-01 -4.018134251236915588e-02
-1.402349621057510376e-01 -4.557110741734504700e-02
3.242054283618927002e-01 3.413204550743103027e-01
3.158527612686157227e-02 -3.651533424854278564e-01
-1.882119663059711456e-02 -1.882119663059711456e-02
-3.651533424854278564e-01 3.158527612686157227e-02
3.413204550743103027e-01 3.242054283618927002e-01
-4.557110741734504700e-02 -1.402349621057510376e-01
-4.018134251236915588e-02 4.378470778465270996e-01
9.959334880113601685e-02 7.114978972822427750e-03
1.634029448032379150e-01 1.071096137166023254e-01
3.214589357376098633e-01 -2.326132543385028839e-02
1.313937157392501831e-01 3.044728338718414307e-01
-4.444045200943946838e-02 -8.428760617971420288e-02
1.262538880109786987e-01 2.234926521778106689e-01
1.316825449466705322e-01 1.385262757539749146e-01
-3.647990524768829346e-01 -1.935804486274719238e-01
-7.870022207498550415e-02 -1.996604949235916138e-01
-2.212501764297485352e-01 6.078837439417839050e-03
-1.108978176489472389e-03 -1.685729324817657471e-01
1.330859363079071045e-01 -2.661718726158142090e-01
-1.677801907062530518e-01 -1.871550530195236206e-01
-1.921874880790710449e-01 3.691540360450744629e-01
-4.105891585350036621e-01 1.756699979305267334e-01
3.206594884395599365e-01 -1.735996901988983154e-01
1.763978451490402222e-01 5.007833614945411682e-02
-3.131044283509254456e-02 -2.892624735832214355e-01
2.113582044839859009e-01 1.832304298877716064e-01
-1.195984110236167908e-01 -1.696660220623016357e-01
9.200917184352874756e-02 -3.772560656070709229e-01
-7.183340936899185181e-02 2.954463362693786621e-01
8.060773834586143494e-03 -3.735756278038024902e-01
-1.291505843400955200e-01 -1.383126676082611084e-01
4.145943820476531982e-01 -7.404182106256484985e-02
4.611092209815979004e-01 -1.932557225227355957e-01
1.581680327653884888e-01 -2.101295590400695801e-01
-9.410598129034042358e-02 3.952451050281524658e-01
-4.541397988796234131e-01 -8.305616676807403564e-02
5.519070848822593689e-02 1.217044293880462646e-01
4.329510498791933060e-03 2.780132293701171875e-01
-9.485846757888793945e-02 -1.002174019813537598e-01
-2.021943330764770508e-01 -2.834590971469879150e-01
-6.009852886199951172e-02 -1.680155843496322632e-01
-3.405767083168029785e-01 6.316099315881729126e-02
1.696660220623016357e-01 2.078000158071517944e-01
-2.041860222816467285e-01 7.071644999086856842e-03
1.130759716033935547e-01 2.380306273698806763e-02
1.949582695960998535e-01 1.983810514211654663e-01
9.099812805652618408e-02 -2.892353385686874390e-02
-6.606995314359664917e-02 7.797403633594512939e-02
9.975916147232055664e-02 6.678699702024459839e-02
3.692331612110137939e-01 6.706459820270538330e-02
2.661718726158142090e-01 -1.330859363079071045e-01
1.539948303252458572e-02 -6.732461601495742798e-02
2.046124637126922607e-01 -7.417061179876327515e-02
2.141844481229782104e-01 3.882222175598144531e-01
-1.863571107387542725e-01 2.344631254673004150e-01
1.117225214838981628e-01 5.887065827846527100e-02
1.204824596643447876e-01 -1.276763081550598145e-01
8.682110160589218140e-02 3.455165624618530273e-01
2.096038013696670532e-01 -1.313937157392501831e-01
-2.139652669429779053e-01 -2.180467396974563599e-01
1.856123805046081543e-01 1.681988686323165894e-01
-4.331145435571670532e-03 -4.423839151859283447e-01
4.458431620150804520e-03 -2.407241612672805786e-01
1.737881898880004883e-01 2.703992426395416260e-01
-1.770941168069839478e-01 4.384678900241851807e-01
1.731155514717102051e-01 2.334975451231002808e-01
-2.823179364204406738e-01 -2.823179364204406738e-01
2.334975451231002808e-01 1.731155514717102051e-01
4.384678900241851807e-01 -1.770941168069839478e-01
2.703992426395416260e-01 1.737881898880004883e-01
-2.407241612672805786e-01 4.458431620150804520e-03
-4.423839151859283447e-01 -4.331145435571670532e-03
1.681988686323165894e-01 1.856123805046081543e-01
-2.180467396974563599e-01 -2.139652669429779053e-01
-1.313937157392501831e-01 2.096038013696670532e-01
3.455165624618530273e-01 8.682110160589218140e-02
-1.276763081550598145e-01 1.204824596643447876e-01
5.887065827846527100e-02 1.117225214838981628e-01
2.344631254673004150e-01 -1.863571107387542725e-01
3.882222175598144531e-01 2.141844481229782104e-01
-7.417061179876327515e-02 2.046124637126922607e-01
-6.732461601495742798e-02 1.539948303252458572e-02
-1.330859363079071045e-01 2.661718726158142090e-01
6.706459820270538330e-02 3.692331612110137939e-01
6.678699702024459839e-02 9.975916147232055664e-02
7.797403633594512939e-02 -6.606995314359664917e-02
-2.892353385686874390e-02 9.099812805652618408e-02
1.983810514211654663e-01 1.949582695960998535e-01
2.380306273698806763e-02 1.130759716033935547e-01
7.071644999086856842e-03 -2.041860222816467285e-01
2.078000158071517944e-01 1.696660220623016357e-01
6.316099315881729126e-02 -3.405767083168029785e-01
-1.680155843496322632e-01 -6.009852886199951172e-02
-2.834590971469879150e-01 -2.021943330764770508e-01
-1.002174019813537598e-01 -9.485846757888793945e-02
2.780132293701171875e-01 4.329510498791933060e-03
1.217044293880462646e-01 5.519070848822593689e-02
-8.305616676807403564e-02 -4.541397988796234131e-01
3.952451050281524658e-01 -9.410598129034042358e-02
-2.101295590400695801e-01 1.581680327653884888e-01
-1.932557225227355957e-01 4.611092209815979004e-01
-7.404182106256484985e-02 4.145943820476531982e-01
-1.383126676082611084e-01 -1.291505843400955200e-01
-3.735756278038024902e-01 8.060773834586143494e-03
2.954463362693786621e-01 -7.183340936899185181e-02
-3.772560656070709229e-01 9.200917184352874756e-02
-1.696660220623016357e-01 -1.195984110236167908e-01
1.832304298877716064e-01 2.113582044839859009e-01
-2.892624735832214355e-01 -3.131044283509254456e-02
5.007833614945411682e-02 1.763978451490402222e-01
-1.735996901988983154e-01 3.206594884395599365e-01
1.756699979305267334e-01 -4.105891585350036621e-01
3.691540360450744629e-01 -1.921874880790710449e-01
-1.871550530195236206e-01 -1.677801907062530518e-01
-2.661718726158142090e-01 1.330859363079071045e-01
-1.685729324817657471e-01 -1.108978176489472389e-03
6.078837439417839050e-03 -2.212501764297485352e-01
-1.996604949235916138e-01 -7.870022207498550415e-02
-1.935804486274719238e-01 -3.647990524768829346e-01
1.385262757539749146e-01 1.316825449466705322e-01
2.234926521778106689e-01 1.262538880109786987e-01
-8.428760617971420288e-02 -4.444045200943946838e-02
3.044728338718414307e-01 1.313937157392501831e-01
-2.326132543385028839e-02 3.214589357376098633e-01
1.071096137166023254e-01 1.634029448032379150e-01
7.114978972822427750e-03 9.959334880113601685e-02
4.378470778465270996e-01 -4.018134251236915588e-02
-1.402349621057510376e-01 -4.557110741734504700e-02
3.242054283618927002e-01 3.413204550743103027e-01
3.158527612686157227e-02 -3.651533424854278564e-01
-1.882119663059711456e-02 -1.882119663059711456e-02
-3.651533424854278564e-01 3.158527612686157227e-02
3.413204550743103027e-01 3.242054283618927002e-01
-4.557110741734504700e-02 -1.402349621057510376e-01
-4.018134251236915588e-02 4.378470778465270996e-01
9.959334880113601685e-02 7.114978972822427750e-03
1.634029448032379150e-01 1.071096137166023254e-01
3.214589357376098633e-01 -2.326132543385028839e-02
1.313937157392501831e-01 3.044728338718414307e-01
-4.444045200943946838e-02 -8.428760617971420288e-02
1.262538880109786987e-01 2.234926521778106689e-01
1.316825449466705322e-01 1.385262757539749146e-01
-3.647990524768829346e-01 -1.935804486274719238e-01
-7.870022207498550415e-02 -1.996604949235916138e-01
-2.212501764297485352e-01 6.078837439417839050e-03
-1.108978176489472389e-03 -1.685729324817657471e-01
1.330859363079071045e-01 -2.661718726158142090e-01
-1.677801907062530518e-01 -1.871550530195236206e-01
-1.921874880790710449e-01 3.691540360450744629e-01
-4.105891585350036621e-01 1.756699979305267334e-01
3.206594884395599365e-01 -1.735996901988983154e-01
1.763978451490402222e-01 5.007833614945411682e-02
-3.131044283509254456e-02 -2.892624735832214355e-01
2.113582044839859009e-01 1.832304298877716064e-01
-1.195984110236167908e-01 -1.696660220623016357e-01
9.200917184352874756e-02 -3.772560656070709229e-01
-7.183340936899185181e-02 2.954463362693786621e-01
8.060773834586143494e-03 -3.735756278038024902e-01
-1.291505843400955200e-01 -1.383126676082611084e-01
4.145943820476531982e-01 -7.404182106256484985e-02
4.611092209815979004e-01 -1.932557225227355957e-01
1.581680327653884888e-01 -2.101295590400695801e-01
-9.410598129034042358e-02 3.952451050281524658e-01
-4.541397988796234131e-01 -8.305616676807403564e-02
5.519070848822593689e-02 1.217044293880462646e-01
4.329510498791933060e-03 2.780132293701171875e-01
-9.485846757888793945e-02 -1.002174019813537598e-01
-2.021943330764770508e-01 -2.834590971469879150e-01
-6.009852886199951172e-02 -1.680155843496322632e-01
-3.405767083168029785e-01 6.316099315881729126e-02
1.696660220623016357e-01 2.078000158071517944e-01
-2.041860222816467285e-01 7.071644999086856842e-03
1.130759716033935547e-01 2.380306273698806763e-02
1.949582695960998535e-01 1.983810514211654663e-01
9.099812805652618408e-02 -2.892353385686874390e-02
-6.606995314359664917e-02 7.797403633594512939e-02
9.975916147232055664e-02 6.678699702024459839e-02
3.692331612110137939e-01 6.706459820270538330e-02
2.661718726158142090e-01 -1.330859363079071045e-01
1.539948303252458572e-02 -6.732461601495742798e-02
2.046124637126922607e-01 -7.417061179876327515e-02
2.141844481229782104e-01 3.882222175598144531e-01
-1.863571107387542725e-01 2.344631254673004150e-01
1.117225214838981628e-01 5.887065827846527100e-02
1.204824596643447876e-01 -1.276763081550598145e-01
8.682110160589218140e-02 3.455165624618530273e-01
2.096038013696670532e-01 -1.313937157392501831e-01
-2.139652669429779053e-01 -2.180467396974563599e-01
1.856123805046081543e-01 1.681988686323165894e-01
-4.331145435571670532e-03 -4.423839151859283447e-01
4.458431620150804520e-03 -2.407241612672805786e-01
1.737881898880004883e-01 2.703992426395416260e-01
-1.770941168069839478e-01 4.384678900241851807e-01
1.731155514717102051e-01 2.334975451231002808e-01
